Move(-68000,36970,9004,0,800)
Wait(3000)
Teleport(-67949,36763,9005)
Teleport(-67896,36554,9005)
Teleport(-67843,36341,8997)
Teleport(-67791,36132,8991)
Teleport(-67739,35923,8927)
Teleport(-67659,35720,8910)
Teleport(-67551,35533,8893)
Teleport(-67445,35341,8856)
Teleport(-67353,35147,8800)
Teleport(-67261,34952,8730)
Teleport(-67167,34754,8669)
Teleport(-67090,34554,8621)
Teleport(-67085,34340,8580)
Teleport(-67181,34146,8552)
Teleport(-67330,33989,8518)
Teleport(-67479,33831,8481)
Teleport(-67626,33677,8462)
Teleport(-67794,33532,8443)
Teleport(-67993,33444,8428)
Teleport(-68193,33363,8412)
Teleport(-68391,33283,8398)
Teleport(-68593,33201,8386)
Teleport(-68793,33120,8380)
Teleport(-68996,33037,8385)
Teleport(-69185,32930,8387)
Teleport(-69372,32821,8385)
Teleport(-69559,32713,8366)
Teleport(-69746,32605,8257)
Teleport(-69929,32490,8232)
Teleport(-70081,32338,8232)
Teleport(-70226,32177,8223)
Teleport(-70338,31994,8205)
Teleport(-70452,31806,8176)
Teleport(-70547,31613,8125)
Teleport(-70622,31408,8055)
Teleport(-70662,31196,7943)
Teleport(-70694,30983,7872)
Teleport(-70704,30765,7828)
Teleport(-70706,30547,7802)
Teleport(-70691,30334,7789)
Teleport(-70625,30087,7771)
Teleport(-70538,29884,7751)
Teleport(-70444,29691,7726)
Teleport(-70350,29497,7700)
Teleport(-70248,29304,7675)
Teleport(-70117,29135,7647)
Teleport(-69954,28990,7620)
Teleport(-69775,28886,7512)
Teleport(-69567,28838,7404)
Teleport(-69346,28821,7389)
Teleport(-69148,28743,7371)
Teleport(-68952,28658,7310)
Teleport(-68742,28605,7244)
Teleport(-68529,28555,7179)
Teleport(-68335,28482,7122)
Teleport(-68120,28420,7076)
Teleport(-67903,28397,7044)
Teleport(-67690,28386,7022)
Teleport(-67479,28339,7008)
Teleport(-67302,28220,6993)
Teleport(-67144,28040,6972)
Teleport(-67057,27848,6966)
Teleport(-67018,27636,6963)
Teleport(-66990,27413,6881)
Teleport(-66974,27203,6771)
Teleport(-66953,26985,6677)
Teleport(-66938,26770,6616)
Teleport(-66941,26555,6567)
Teleport(-66953,26333,6532)
Teleport(-66964,26116,6508)
Teleport(-66965,25902,6484)
Teleport(-66904,25697,6458)
Teleport(-66792,25510,6441)
Teleport(-66671,25333,6441)
Teleport(-66552,25149,6454)
Teleport(-66430,24971,6473)
Teleport(-66321,24785,6491)
Wait(2000)
Move(-67156,24225,6552,0,800) -- pos of dragon coil
Wait(2000)
Move(-68476,24675,6555,1,800) --boss fight ( could be shorter )
Move(-68076,26215,6560,1,800)
Move(-68476,24675,6555,1,800)
Move(-68076,26215,6560,1,800)
Move(-68476,24675,6555,1,800)
Move(-68076,26215,6560,1,800)
Move(-68476,24675,6555,1,800)
Move(-68076,26215,6560,1,800)
Move(-68476,24675,6555,1,800)
Move(-68076,26215,6560,1,800)
Move(-65397,24266,6573,0,800)
Wait(1000)
ChangeMap
Move(-63470,24705,6555,0,800)
Move(-62331,23408,6604,0,800)
Move(-62529,21469,6605,0,800)
Move(-59987,21588,6550,0,800)
Wait(3000)
Teleport(-59773,21542,6549)
Teleport(-59563,21497,6549)
Teleport(-59354,21452,6545)
Teleport(-59138,21406,6515)
Teleport(-58936,21334,6479)
Teleport(-58737,21241,6457)
Teleport(-58543,21150,6441)
Teleport(-58369,21017,6428)
Teleport(-58241,20847,6437)
Teleport(-58154,20655,6438)
Teleport(-58064,20454,6409)
Teleport(-58007,20250,6390)
Teleport(-58054,20036,6358)
Teleport(-58108,19828,6344)
Teleport(-58158,19618,6327)
Teleport(-58207,19409,6308)
Teleport(-58257,19198,6293)
Teleport(-58307,18985,6265)
Teleport(-58354,18786,6227)
Teleport(-58411,18592,6193)
Teleport(-58509,18400,6165)
Teleport(-58609,18209,6127)
Teleport(-58710,18015,6075)
Teleport(-58812,17821,6004)
Teleport(-58912,17631,5955)
Teleport(-59012,17440,5884)
Teleport(-59105,17247,5825)
Teleport(-59076,17032,5776)
Teleport(-58980,16838,5745)
Teleport(-58860,16660,5708)
Teleport(-58718,16497,5675)
Teleport(-58609,16323,5638)
Teleport(-58496,16126,5587)
Teleport(-58389,15941,5545)
Teleport(-58250,15772,5516)
Teleport(-58247,15563,5467)
Teleport(-58294,15353,5412)
Teleport(-58342,15139,5369)
Teleport(-58365,14926,5324)
Teleport(-58384,14720,5280)
Teleport(-58434,14520,5243)
Teleport(-58430,14313,5205)
Teleport(-58424,14087,5165)
Teleport(-58398,13879,5127)
Teleport(-58316,13676,5093)
Teleport(-58269,13466,5072)
Teleport(-58279,13252,5058)
Teleport(-58252,13040,5050)
Teleport(-58160,12860,5045)
Wait(3000)
